1      8.707658         
2      6.522968           
3      5.941456           
4      5.466105           
5      5.332334           
6      5.125639           
7      4.990906           
8      4.984545           
9      4.827141           
10      4.801131           
11      4.874345           
12      4.748500           
13      4.707423           
14      4.680623           
15      4.674934           
16      4.716875           
17      4.720437           
18      4.697099           
19      4.592131           
20      4.609121           
21      4.619312           
22      4.643281           
23      4.624460           
24      4.646280           
25      4.575871           
26      4.690244           
27      4.569264           
28      4.671622           
29      4.716549           
30      4.659922           
31      4.699754           
32      5.092262           
33      4.568800          
34      4.558489         
35      4.570000           
36      4.638146           
37      4.526930           
38      4.513271           
39      4.574749