1      4.405943
2      2.199891
3      2.268935
4      1.868328
5      1.893096
6      1.908130
7      1.961443
8      1.949002
9      1.965332
10      1.957828
11      1.896580
12      1.905372
13      1.925418
14      1.924888
15      1.970784
16      1.952496
17      1.920408
18      1.876688
19      1.979572
20      1.874437
21      1.931333
22      1.923812
23      1.930212
24      1.886582
25      1.880323
26      2.016398
27      1.940013
28      1.988553
29      1.929505
30      1.940059
31      1.928601
32      1.943699
33      1.924609
34      1.937519
35      1.913784
36      2.030513
37      1.948332
38      1.966227
39      2.002484